8.469325304031372070e-01 1.000000000000000000e+01
7.366565465927124023e-01 1.000000000000000000e+01
6.519411802291870117e-01 1.000000000000000000e+01
5.832810401916503906e-01 1.000000000000000000e+01
5.247879028320312500e-01 1.000000000000000000e+01
4.743711054325103760e-01 1.000000000000000000e+01
4.299646914005279541e-01 1.000000000000000000e+01
3.897947371006011963e-01 1.000000000000000000e+01
3.527934253215789795e-01 1.000000000000000000e+01
3.190130889415740967e-01 1.000000000000000000e+01
2.879866957664489746e-01 1.000000000000000000e+01
2.592418491840362549e-01 1.000000000000000000e+01
2.324462234973907471e-01 1.000000000000000000e+01
2.081397920846939087e-01 1.000000000000000000e+01
1.865712255239486694e-01 1.000000000000000000e+01
1.671513617038726807e-01 1.000000000000000000e+01
1.493734866380691528e-01 1.000000000000000000e+01
1.343125253915786743e-01 1.000000000000000000e+01
1.215469911694526672e-01 1.000000000000000000e+01
1.104141920804977417e-01 1.000000000000000000e+01
